,C001,C002,C003,C004,C005,C006,C007,C008,C009,C010,C011,C012,C013,C014,C015,C016,C017,C018,C019,C020,C021,C022,C023,C024,C025,C026,C027,C028,C029,C030,C031,C032,C033,C034,C035,C036,C037,C038,C039,C040,C041,C042,C043,C044,C045,C046,C047,C048,C049,C050,C051,C052,C053,C054,C055,C056,C057,C058,C059,C060,C061,C062,C063,C064,C065,C066,C067,C068,C069,C070,C071,C072,C073,C074,C075,C076,C077,C078,C079,C080,C081,C082,C083,C084,C085,C086,C087,C088,C089,C090,CD01
C001,0.0,15.898280645196497,6.590641863063636,14.17822363960148,18.891907205715288,16.013847137129844,10.710491190776958,14.287775734732968,8.02674932883876,9.772516392528473,0.6292510710702366,11.938137661731366,4.24628722236564,10.254379845457823,9.883742406710223,7.735522755289948,4.53249398873632,9.547732579278682,7.322766297285091,11.507135495208187,6.776451187776322,10.80311642970292,11.109262911054575,9.829876480906737,16.599433948051225,1.7790725819910433,13.135512420475687,5.446276653370845,6.767495760348171,6.419961140944799,19.22964763025334,1.628182209622664,7.341423205424623,10.377765300387022,11.191029246300511,11.391054456152402,10.999968771382385,4.100138748299142,7.502212331460153,7.43489095257974,11.918108964521247,8.52444812285944,8.529360047222442,3.9580346962864525,8.926746393157105,10.794495007426303,14.851612781885045,7.577336712768496,8.298426808020299,7.807313971242634,8.803462193096719,16.503724270950134,15.239363676335707,13.081308411559183,3.847128888290345,8.513713737307727,5.7900019110204815,13.172164884073192,9.909609742998823,11.02869697277406,9.971523143355228,3.5946646709094248,13.826842883082147,6.941911917161854,9.553520015656089,14.24778595594848,10.809370190201488,13.016191789663873,9.420099197253117,13.60217819591685,7.233377731622991,11.702815091911269,13.472672376512552,10.310479311036543,1.728921590037726,9.96907743598872,19.89560395997948,6.012299017475117,11.933526661650268,13.889723167599819,12.94071427359354,12.133257189435717,14.890707306998305,11.311608857056854,6.078658360838139,16.939876146438724,2.633206195507321,12.86590905783814,14.069296174356873,9.847816883939613,7.077304700416834
C002,15.898280645196497,0.0,18.74952893659497,1.8399963104342913,10.55287665519993,5.949660116128942,5.301682357140013,25.79689748214386,8.623966513286659,9.465017895419434,15.2735403516552,7.6788687707077,18.88154352587757,9.569973151819639,16.118036395720495,19.571013003737406,18.33888021950822,20.148698299546837,22.224188872751398,6.594596032169879,9.403797400858453,20.91018655473495,16.61049361693841,13.246271254709614,22.685880643080186,15.860595553147215,19.904386724965086,17.16374333877606,9.349486574885283,15.283774709633954,9.817049070107808,14.787151437900535,22.91457267492286,16.490114554034516,12.806061411620085,22.951769447030344,18.58868466872599,13.635826690368184,14.10886369807773,9.196403196352923,6.46500444830721,23.772967975778972,12.252631672420625,12.37726220177026,19.282250711709768,24.180657370155505,1.2415535094059384,18.715587906109153,10.19418442849263,11.747859747666359,21.398636278517433,21.621165496430592,21.561594776965542,19.901432326025553,16.329560109866826,17.24261940283456,12.1347424296594,5.653451571544658,17.722494146155576,23.877386485049488,9.653529357483068,12.587284355002472,4.063431470825325,22.178580240874414,24.384135035823657,2.923282342165487,5.095965609967035,21.72432731735291,8.270296053072489,22.384127160844496,12.307176867081917,7.82923204236274,17.214578649386688,5.646314057373083,17.433737125909925,24.600118826462833,10.127597609766626,10.020652942468292,21.136460840853857,19.693514294676977,5.385443047357698,5.919231905177859,21.24896899764253,13.939688439729691,15.612775494512402,21.675230555606053,18.0492000730589,23.675534489251042,18.20274520790281,9.251810512018627,15.057158327252171
C003,6.590641863063636,18.74952893659497,0.0,17.367190699308335,24.27000326666527,20.647743680402893,14.377286432096431,7.960639247349054,12.879765398528336,9.920823310693349,6.851676178097702,12.345054597393657,3.220924864883261,10.126290811347987,5.5442706448257155,1.15670163639492,2.2930213761730824,2.9969874692807204,4.620405365378427,12.686123689876752,11.455697993447211,4.252166335802196,6.5119842121242915,7.434497989103403,10.464780983812044,4.952678327000681,7.25110259537984,1.6423212349960568,11.355709277980626,3.6465915861334195,24.400046385373713,5.960742805636999,6.363322178715392,5.8078682045404015,8.856595738481612,4.956138255717471,5.304432241703345,5.423815314985109,5.208352585028047,9.609063560656509,13.0008533156736,6.267761431636331,7.258021741999055,7.175097577624683,2.5343099619809615,5.434547463707902,17.996401113309595,1.2138510724741822,13.991143960663624,7.31502455767187,2.7119353662755445,10.657312146662504,9.181560741738894,7.188167517706042,3.0704826689744227,3.364497241351054,6.628024403155518,17.792853944738315,4.533996459251492,5.22506261330381,15.631749956967765,7.230999490688253,15.500435391414474,5.142432803588513,6.213165266411736,18.009707889376912,13.967685521880522,6.567508689190587,10.624973335272566,7.103621943037686,13.454390410047644,12.09964958211905,8.825690180732819,13.314354196550706,7.192051288948617,6.2268141343848225,25.035801518153985,9.352431610814184,5.467442957821969,8.223991609598094,14.239166483208027,13.437832726522515,8.86566652468692,8.295189303118429,3.2177941299004367,11.158485112935395,4.751718649630032,6.327118150902562,9.059285090032706,10.104578475879276,13.65762467815764
C004,14.17822363960148,1.8399963104342913,17.367190699308335,0.0,10.047101107367743,5.299922474151297,3.5030365145770617,24.630567613233453,6.787024410599366,8.528716890786235,13.550769316937554,7.1226692476056535,17.30548831495475,8.728652856847905,15.153189994584586,18.241621912464822,16.814869700523907,18.947360473555715,20.666112376142838,5.838622062441211,7.60212905053995,19.778286218010933,15.75598823946668,12.36007708366825,22.0199642053837,14.229877788801884,19.073380669515842,15.7555223964563,7.555846956594238,14.000386437590146,9.482884803609597,13.128152127458364,21.277299511490607,15.562099788179777,12.10899436061757,21.730430014742158,17.618479190736835,12.132692289465139,12.943441272669528,7.758843546104654,5.822487420861886,22.185334472088407,11.204634390731947,10.769918090271027,18.07451250832246,22.800226916923855,0.6733897968156505,17.417993172559374,8.374912814076964,10.59442067321411,20.047884684669004,21.03017283467662,20.8361975274746,19.064903575741436,14.82451543392342,16.095617902865232,10.740620424633631,4.2119618660425155,16.6888230919359,22.546489267680226,7.912027040189772,10.951433911374135,3.92141463286493,20.582355632400787,22.851630880465148,1.6628218657490974,3.460667833049576,20.75404237584116,7.1565208617925045,21.424741025968647,10.480444688091099,7.222311855134266,16.594753517416486,4.077651817199924,15.681863350985934,23.092261322346697,9.898187707613605,8.394662578706745,20.099249473936453,18.957822879599476,4.987412437437611,5.286901326506372,20.509550260110927,13.22277895727986,14.294076550945155,21.128864047656116,16.396027819624862,22.542678688194982,17.588397842252277,8.317993405047448,13.231305990962719
C005,18.891907205715288,10.55287665519993,24.27000326666527,10.047101107367743,0.0,4.74787759804505,10.871352834031805,32.16335903721305,11.393478963883314,17.654623451506808,18.334611011455987,16.873928919642477,22.992623297521195,18.010109280913817,23.768140057078128,25.348761349712817,22.925455996316543,26.579035444765395,26.21005124310445,15.471395790062614,12.817429987465669,27.638596535759223,24.62239859789735,21.317527823277718,31.13099107787404,19.82921660067642,27.879129551937275,22.654050253149013,12.92394269679286,21.633540685722913,1.1566316801150285,18.642260520696613,26.091280437865613,24.254651435350112,21.444407828338207,29.143500597676393,26.104471217512643,18.911585426933787,21.101033952626143,15.592094650281041,15.57083780253518,27.38268965304289,19.85096063872203,17.1049597499406,25.728087493480043,29.378542438162484,9.940190125781212,24.7286885939166,10.593951611269986,19.001348756227316,26.93606462265897,30.30811222812927,29.843351564345244,27.8571792115036,21.260100884578158,24.094472082514525,18.26128216395577,6.929241127251073,25.028525193559453,29.40361031100734,8.925635703059964,17.040108844440077,13.966815039068258,25.822423747672275,28.44520637225631,8.428252649768536,11.818865062118991,29.12121422822618,16.065046115830718,29.803102706697786,12.008732771041993,16.918533583039714,25.915367486524627,12.428569349743633,19.744399761540098,28.851507848715965,1.583110103132514,15.113703403939095,28.27778015319262,27.98874189613386,14.945032770340145,15.0812548334792,29.49292502327678,22.477917279299163,21.752047552766758,30.48583183861926,21.51967420745617,30.285183491322055,26.894324380165347,17.467443279239944,13.835469677177022
C006,16.013847137129844,5.949660116128942,20.647743680402893,5.299922474151297,4.74787759804505,0.0,6.524486412820942,28.372214836197372,8.017817239417031,13.153805661051788,15.406190098004005,12.19397440513314,19.831973886740823,13.467647288542041,19.49828483951622,21.66194242948953,19.59254760722466,22.702523989151665,23.16790835259989,10.811765982881733,9.376032474804978,23.683589472112004,20.26939618332078,16.907828464727643,26.718077694836182,16.62312248646223,23.567273106848443,19.006582877201087,9.435632589965934,17.692142922956112,4.261114645293665,15.430724109587901,23.35474206357037,19.96104484670351,16.911376935486793,25.376981063814352,21.900157344959744,15.223928455547535,16.963007890679204,11.434364331873004,10.88481400752534,24.504375190008503,15.528611881451836,13.519863435012708,21.83418140651539,25.95109012034505,5.220586033457671,20.95459945503808,8.139849767730503,14.745311099165148,23.355794638735674,25.83044911854495,25.465064290743666,23.550213465203424,17.763118482912816,20.052159542730163,14.289386417598545,2.877263412334304,20.86955588075049,25.8628124586271,6.756534498619541,13.544230975295186,9.218963927888613,22.90093824017145,25.414919466819466,3.684888071774499,7.335213086486483,24.981930777323786,11.601953583147768,25.663551514317966,10.081470704560212,12.252911508472344,21.408253621768683,7.984251675629691,17.17092227617275,25.75700372134417,4.758718638677874,11.300250171787729,24.20525095529516,23.594224040882985,10.211529111405557,10.38213791277024,25.12218863624044,17.97727052880868,17.877174598203933,25.979398765686124,18.55487555175812,26.39712368075544,22.395951119139216,12.957442670062942,12.532056216249197
C007,10.710491190776958,5.301682357140013,14.377286432096431,3.5030365145770617,10.871352834031805,6.524486412820942,0.0,21.946234408944203,3.4212969883967057,6.802321870648725,10.081618199398516,6.433128672282041,14.006316124571006,7.189066139955292,12.981175657412207,15.333678010059717,13.596675904643247,16.25693626682709,17.3786032889047,5.012825601820315,4.102920229922157,17.201912314742184,13.781071038171696,10.451187350911624,20.269231294254794,10.868820749124762,17.06467250115437,12.739327552279336,4.053235430778192,11.242403886050194,10.66344259898932,9.734105683143207,17.885426791398853,13.450004070702239,10.598074396914594,18.97511699891951,15.376197537228972,9.001166359857642,10.445139754799042,4.9323874667602405,5.2486929798465995,18.853377724606418,9.021744184285641,7.475364700634812,15.384248030813838,19.77176289976898,4.172229847018489,14.57554026291294,5.3876045049853225,8.222309348059577,17.086620959306327,19.436828650488106,18.99371216890793,17.0459574067886,11.653606091799091,13.55095268738514,7.855590540353378,3.9439361429449113,14.345967361543995,19.59994195358063,5.473950076125392,7.607562172830389,4.975769883194321,17.243356863868236,19.592728663581493,3.661926740471775,1.1253919909365724,18.45839324443029,5.201235457299319,19.139849181619923,7.366325064640311,6.407932193197034,15.049922999740188,1.5956092318719304,12.188683211551398,19.867710440812434,11.224075914116941,5.111088351404665,17.690361405347964,17.131594676800287,5.170454547249297,4.898661707195729,18.64646292019901,11.613765429766206,11.463171722408815,19.617853223291952,12.996581118690969,19.933982680578193,16.026152003157318,6.6220902492368365,10.087541701666918
C008,14.287775734732968,25.79689748214386,7.960639247349054,24.630567613233453,32.16335903721305,28.372214836197372,21.946234408944203,0.0,20.77326637548842,16.398642320318565,14.649461550713605,18.571245712122572,10.174478744839204,16.401382395937148,9.949578991847815,6.838816413640436,9.757269990922964,5.695331429386012,8.37890310120151,19.314583496283092,19.35099136192045,4.902057325649609,9.92521005763484,12.85266596223602,8.004162327773523,12.809257174838713,7.486810298316787,9.532216517454376,19.24061680508932,10.704513193984157,32.24423463346438,13.886646015897814,10.107807641912435,9.725218584234094,13.8096147676127,3.021328270500875,7.6453306394930145,13.251887673423006,11.696286761510956,17.03007343734163,19.539588079914026,8.770118407541714,13.568232445466288,15.064537085314122,6.569930884540301,4.294759753223266,25.214275218724936,7.438915788815141,21.95149778114441,14.056160876979922,5.484455101975634,9.158660175440767,7.624993308958437,7.443214339824138,11.029672950478117,8.55430610997809,14.095315166513734,25.55577147739134,8.229224491566516,3.565087029331346,23.589253833283983,15.156999728871757,22.124727831060635,9.226974077754729,7.410120347566382,25.484589508845765,21.381316053539454,4.99993809783908,17.531231315058893,4.633229832835907,21.36610428516182,18.355562486993623,10.89790873855545,20.70945453099629,14.434846659730782,6.8325380887774365,32.86835296419335,17.105328562051557,5.013665496908789,8.44814245843318,20.765933060820736,20.05047638981586,7.601746613391301,12.783522860299186,10.495815536315412,9.672049436052427,11.948288416363141,2.1793442636238307,10.350158873523842,16.608768363224083,21.32391476029736
C009,8.02674932883876,8.623966513286659,12.879765398528336,6.787024410599366,11.393478963883314,8.017817239417031,3.4212969883967057,20.77326637548842,0.0,7.903305733936594,7.410523423136189,8.531506529752557,11.826242200065364,8.42106648892785,12.859820057125873,13.95528546961848,11.636104735925507,15.218899363557917,15.152358408928645,7.28550888111004,1.424200485923932,16.31148417062105,13.86957610261342,10.858577579300173,20.38326239064425,8.618038228372152,16.96433484275319,11.260843616208918,1.5344000374590834,10.342728087981694,11.534119034030049,7.423015735644545,15.363870936532594,13.380719996852825,11.449655703183772,17.752572674319698,15.036515014914025,7.524927544369531,10.040359939579645,4.936848742350698,7.638778396532428,16.489868327009194,9.225714185164406,5.711507915804032,14.378527464710478,18.05502539514808,7.429433734236464,13.343789052062569,2.3529990658553266,8.262366289066184,15.555949833733887,19.754284631673716,19.03459561851185,16.933365756151403,9.890456086996346,12.859810154581377,7.067126213678169,5.155149447420309,13.913654243157692,18.03703726817629,3.318432422290281,5.656189226037075,8.143439733464236,14.884791063596705,17.400030030501245,6.431287624285855,4.160456843930306,17.934837365607443,6.412903634535961,18.611404649813274,4.042690570517622,8.417170272279273,15.581105048374875,4.099737762401047,9.297900427735094,17.749464611080054,12.178142442034337,3.873169026721087,17.031835019205204,17.253008187182427,7.988191544655171,7.471317304627748,18.67302765117109,12.275723273080711,10.41674915998727,20.02196064246086,10.5404304778768,18.919317625784448,16.495359947403767,7.790342397167562,6.709351740778615
C010,9.772516392528473,9.465017895419434,9.920823310693349,8.528716890786235,17.654623451506808,13.153805661051788,6.802321870648725,16.398642320318565,7.903305733936594,0.0,9.302081670780703,2.444734751494112,11.039554864541644,0.5557961544857613,6.656928937519911,10.54107111137538,10.205197101023368,10.825841753070002,14.074285832519069,2.9159453311923147,7.064089983908744,11.497556876222339,7.228476355073951,3.8316947950070768,13.577640522987004,8.787810170188177,10.54696957874009,8.518161230802784,6.884592990839026,6.277492642658101,17.38181718003297,8.181020733241462,15.26830806651399,7.044936358014455,3.795764752648102,13.635589190263033,9.128243332551888,5.954472933591474,4.838598735573714,3.186950918557802,3.1571557225444846,15.740512273933817,2.837694958272312,5.9133659575313136,9.979515585819557,15.206930224508575,9.035913043496624,9.618851272696022,10.185871673278363,2.6114543605218925,12.388287486723712,12.677712662015013,12.351641135614598,10.53767027284804,8.257057746719969,7.872982856454816,4.096426221492739,10.739939018413553,8.26166730019648,14.771468697001568,11.16671741796416,6.33084815266998,5.736649090239888,14.271779004510085,16.015314625065358,9.711860962665336,5.840833218708896,12.2658667194676,1.6109678963813296,12.929649249462592,11.292643077029318,2.195171414326084,8.264470664239983,5.227022504703884,11.496101466921322,16.10370502997494,17.909342836650605,4.932875045350533,11.673488808990902,10.473803714726973,4.398792453260037,3.6546225619512303,12.01702145648311,4.827883602838134,6.708048345702242,12.837082958912776,10.896847670521277,14.254109838513909,9.248070400471606,0.2132691738248342,13.37024715200819
C011,0.6292510710702366,15.2735403516552,6.851676178097702,13.550769316937554,18.334611011455987,15.406190098004005,10.081618199398516,14.649461550713605,7.410523423136189,9.302081670780703,0.0,11.424179789673357,4.720195865406912,9.795510212805441,9.793685538051623,8.005962810254765,4.900756258155848,9.765875769396487,7.875930661418613,10.95383094785763,6.150891290747227,11.014931056430088,11.020034292176417,9.559830356486357,16.668750457469436,1.9107890370708356,13.180486842123267,5.5979910080938655,6.140284091706196,6.335831096418821,18.656076504778266,1.3310235193753628,7.953615005541012,10.299905971967497,10.887680388409105,11.72021668142614,11.040954965085621,3.792562720720322,7.303266841577596,6.873699232420388,11.366656936476268,9.114375056742283,8.198261864249364,3.4303816747838978,9.106777932634674,11.252729170112321,14.224157829169316,7.77752269407026,7.746702351015462,7.433512248138756,9.168937978056654,16.520325873554526,15.299977572309174,13.128130682238691,3.965868877314247,8.545754025234025,5.386546169187414,12.559784344973988,9.929656960444573,11.448638646909172,9.423311076421868,3.047253301921977,13.23834994571555,7.523631307942841,10.114884944673673,13.619145236599719,10.186457045369972,13.178718937575663,8.886507189739023,13.779920707830655,6.773919342664248,11.191693124429614,13.355444899454307,9.692140143483938,2.270840009738969,10.517110458430984,19.32063892281187,5.4113410049717965,12.106848627998186,13.8952083090666,12.372215201276664,11.569252517598938,14.947209220896182,11.065629400524731,6.034112767270194,16.943560044802066,3.1883716045069543,13.164243897330902,13.987437959305463,9.36870403883653,6.819823883016358
C012,11.938137661731366,7.6788687707077,12.345054597393657,7.1226692476056535,16.873928919642477,12.19397440513314,6.433128672282041,18.571245712122572,8.531506529752557,2.444734751494112,11.424179789673357,0.0,13.463279546615686,2.233587549599682,8.666893738879178,12.92872107336917,12.643310210618402,13.095085163040203,16.51827008440193,1.4301291875830695,8.061492021484508,13.676720708553297,9.015937914265859,5.745267699222507,15.008369690581125,11.096972192540772,12.272254787142652,10.960357799887927,7.893228810310332,8.69852995308699,16.45323283405356,10.393482155321063,17.693427328733932,8.979320329223818,5.137188931529446,15.892505687449626,11.1063422007641,8.298555603225722,7.20586192011004,4.718654809972469,1.3109577223155013,18.18339454116709,5.153368275691924,7.993895739655849,12.268271858695053,17.587416387662433,7.507492390679963,11.995304422055517,10.884421090138373,5.05128425197007,14.771322458202286,13.961040791093819,13.88537752702852,12.272931374224216,10.682938216038789,10.132056333195974,6.44401289370155,10.143057928088474,10.354913065303055,17.118944079224935,11.546819527088836,8.386013747942858,3.6736337939179755,16.70875890419929,18.45753014539862,8.55597819017416,5.320032052786982,14.211977643027238,2.594450269805733,14.854269131935828,12.339107274554744,0.2505818032904511,9.541667776060558,4.891911646566425,13.66676266822783,18.54055122931853,16.92147627823834,6.492921949566996,13.723863350722556,12.020639173514084,2.304331648375762,1.8360636641058894,13.575453754938705,6.27324132985156,9.139316648792526,14.035704595463502,13.24824481937395,16.404852301979254,10.532109181437491,2.283196964568941,14.686836948468475
C013,4.24628722236564,18.88154352587757,3.220924864883261,17.30548831495475,22.992623297521195,19.831973886740823,14.006316124571006,10.174478744839204,11.826242200065364,11.039554864541644,4.720195865406912,13.463279546615686,0.0,11.381242711120208,8.306661406101314,4.158959767315372,1.0692429182800056,6.111093048899063,3.3726681586487635,13.467865011124422,10.456381157951522,7.331973870547789,9.410536792762208,9.51645542079162,13.675236090552229,3.209022518718021,10.465925811840714,3.159540794183746,10.401996167767928,5.4081824880784275,23.2660322681036,4.4032433273159555,4.230177311634544,8.668833568112753,10.995339273407312,7.400530842761919,8.47810645702124,5.327986273543117,7.020350869659876,9.761298822591618,13.838146640055678,4.893377421456771,8.822459297240787,6.5416242367701685,5.747952163709178,6.548515862679023,17.967806605427942,4.429906764646121,12.432978292365545,8.520119662884806,4.74128990742468,13.876366500397173,12.400605068056118,10.403440039463826,2.7826999203399083,6.299962929915399,7.087231567990526,16.95718345661313,7.6100071122270325,6.813942000280597,14.111066278685447,6.40134683871597,16.138652506041858,3.3152436767802484,5.601028437008678,17.658079531662704,13.845475486719574,9.707267552657617,11.30027370980299,10.199736684151114,11.477140371158557,13.212839128420468,11.800220088783927,13.249140008702613,4.27858493626532,5.925035481935747,23.924526099254066,8.919661355777835,8.60939109537669,11.420066435637944,15.017496329103265,14.188381626193733,12.086139500809415,10.682673113262329,4.9023836416164634,14.374957629575595,1.774683738779031,8.96062432876851,12.134815182946197,11.18499353084498,11.16808882528556
C014,10.254379845457823,9.569973151819639,10.126290811347987,8.728652856847905,18.010109280913817,13.467647288542041,7.189066139955292,16.401382395937148,8.42106648892785,0.5557961544857613,9.795510212805441,2.233587549599682,11.381242711120208,0.0,6.565845471114975,10.695996638162093,10.519786295891517,10.882273306553017,14.360570910118602,2.975992688840766,7.606243225884669,11.500361349390035,7.050526983402143,3.6763674335087457,13.31049570934696,9.22130829804083,10.359471348915255,8.772120888130214,7.426954834263991,6.480611270273269,17.709536630802454,8.652970084445037,15.603945730160728,6.922727531573955,3.443808935901634,13.685557804912234,9.031176901792795,6.3787465012401565,4.972620831666549,3.7407035662150894,3.1513167503163735,16.033015402080363,2.92045305398981,6.4248619997217515,10.048825044559674,15.353893327766142,9.20883548359782,9.761823095307209,10.714715460076075,2.8781583104638977,12.538015591123097,12.3719704394588,12.110028637249538,10.353450277861047,8.600056170400185,7.91999184520269,4.5302648672270305,11.112068626191503,8.215003251762317,14.887608826586707,11.669975616525496,6.845451892592664,5.731076945266753,14.58543781526086,16.26412014844429,9.974060113361057,6.1921128164882635,12.161737915138954,2.057810856357387,12.818014694544202,11.842418223129442,1.9960666575961685,7.942501395513053,5.600470274686302,11.97387495288383,16.333806523894996,18.226247508135767,5.488606673831624,11.612725082398377,10.23122014721118,4.365693960345044,3.6794717990636494,11.781713155694645,4.5214861292491095,6.930839423007447,12.5121137497982,11.303621288292943,14.244164049762219,8.932195743490057,0.6308771807904207,13.926038999492494
C015,9.883742406710223,16.118036395720495,5.5442706448257155,15.153189994584586,23.768140057078128,19.49828483951622,12.981175657412207,9.949578991847815,12.859820057125873,6.656928937519911,9.793685538051623,8.666893738879178,8.306661406101314,6.565845471114975,0.0,5.465872884696413,7.23741853497646,4.804096073524809,10.138828997567112,9.535498842223445,11.574819962132485,5.108383080137293,1.2265595488660543,2.921879718161309,7.530331420712369,8.154665520056827,4.1225148868782036,5.167797643879909,11.416340026722267,3.464317855548361,23.632918080999538,8.487748794528766,11.905384378745714,0.5378424315025845,3.9142806971363284,7.45370870798674,2.4713159191685357,6.322116789604229,2.8713731747381224,8.183284233914046,9.714982053004766,11.749934866654227,3.9809352743420394,7.909598445670689,4.136190577474838,9.684409079965292,15.680167953185158,4.569279274770131,14.705972082357224,4.76876403869313,7.056010267268383,7.017369135126726,6.175167109078031,4.096711775633611,6.285985160691637,2.209490349690836,5.868700097371572,16.868720276053992,1.733197923508253,9.012527816853869,16.110265294465123,8.23630386029407,12.285990890418006,10.686698966048219,11.474334588198495,16.235234932813356,12.195286772291302,5.609106318405647,8.013816113616128,6.274791447979095,14.978634079219027,8.462042404398536,3.611833874458954,11.531252172414275,11.183292629487651,11.348668297537895,24.202699068700582,9.002435230136609,5.057328276387742,4.428332367000425,10.912940726982617,10.245309141745492,5.8132897574990166,3.0183764544878713,3.826855252713623,7.36200411847473,9.266627254699351,7.772188532941975,4.1939756461759226,6.870152827209314,16.130145082592577
C016,7.735522755289948,19.571013003737406,1.15670163639492,18.241621912464822,25.348761349712817,21.66194242948953,15.333678010059717,6.838816413640436,13.95528546961848,10.54107111137538,8.005962810254765,12.92872107336917,4.158959767315372,10.695996638162093,5.465872884696413,0.0,3.3434969286258456,1.952383394426008,4.795657731633429,13.373329509235711,12.531367078004834,3.180253234467696,6.270652763613636,7.7218502878744015,9.555432873305643,6.10885431578021,6.496093113628267,2.6967069048476047,12.4260329481447,4.308115020472078,25.45834123277844,7.113944545268251,6.701795692666632,5.628386372963735,9.075120495401787,3.8229683821409948,4.716498150033389,6.455779464653094,5.723783098293104,10.501472134136055,13.66770839137751,6.3358582860853465,7.78355018516954,8.243887462060483,1.731010626948606,4.666759325828656,18.86016409052154,0.955733729825764,15.117592425178957,7.969552286837051,1.848503156514076,9.853252582927867,8.317072402191311,6.431199905058597,4.211773027951181,3.268958484488662,7.514679938469788,18.818089291933227,4.158401305407126,4.307677466944654,16.751573888289165,8.322445512008645,16.20441494651081,5.459183242520794,6.011213479498766,18.9445086429502,14.875520655055928,5.548310318480745,11.369847614292077,6.048408679451482,14.606978389201334,12.688131236037485,8.455418981245817,14.21462804788221,8.273175156467058,5.91247806718006,26.08983579932274,10.362176976768252,4.450765710584845,7.530300352068441,14.911828920522025,14.126470085683358,8.018950800662251,8.387994248888054,3.958249944703664,10.370943403152584,5.796360807181967,5.170830785428668,8.568645263397354,10.734207239678364,14.807302601059119
C017,4.53249398873632,18.33888021950822,2.2930213761730824,16.814869700523907,22.925455996316543,19.59254760722466,13.596675904643247,9.757269990922964,11.636104735925507,10.205197101023368,4.900756258155848,12.643310210618402,1.0692429182800056,10.519786295891517,7.23741853497646,3.3434969286258456,0.0,5.269973683280964,3.9250446348023433,12.727742276058759,10.235385756212793,6.516226739843727,8.343519872509596,8.500839760183839,12.747715775736623,3.1291604003218896,9.480897963092703,2.0968144131806596,10.163946208394638,4.391917090060416,23.14672574521988,4.2924406319615755,5.108690826689345,7.600945406098704,9.978334581369884,6.865466490130723,7.461574146467316,4.705028090050031,6.021843921510324,9.15941041332454,13.086234314227319,5.558607503764872,7.881353055288573,6.131517724835799,4.821961520106702,6.45761920253854,17.469573763177532,3.4710213339203966,12.440796297565392,7.644227857115152,4.273020437896755,12.898494513757454,11.452253062112126,9.41933879593087,2.0232098033218056,5.241275275436144,6.360442739570277,16.715640358380295,6.565568995381897,6.5706972495383225,14.112137275272627,6.057440164078256,15.447138806214305,4.066907374006456,6.045277730198153,17.258391260348564,13.357396683066458,8.855287235194817,10.572715794101164,9.379577403892515,11.657765522442595,12.39277613997711,10.736046539153923,12.740280227389961,4.930295958520419,6.279354030532441,23.798186109945032,8.485755885380064,7.754817405398324,10.412406824642948,14.285662350216379,13.459722945839616,11.130428030830421,9.636536508648664,3.8840075550813764,13.38961362438532,2.461287967962663,8.366526310488421,11.082683244722451,10.36018505874187,11.593853737253959
C018,9.547732579278682,20.148698299546837,2.9969874692807204,18.947360473555715,26.579035444765395,22.702523989151665,16.25693626682709,5.695331429386012,15.218899363557917,10.825841753070002,9.765875769396487,13.095085163040203,6.111093048899063,10.882273306553017,4.804096073524809,1.952383394426008,5.269973683280964,0.0,6.374496939289265,13.732476298494039,13.80618814854604,1.257544816447574,5.269356985869505,7.51435950471862,7.6287766620409965,7.8551804887174566,4.726437499122013,4.216042017381654,13.685026829052061,5.015228075118613,26.620108405517204,8.768284631333636,8.356671480329174,4.780442792831947,8.691348228863234,2.810842030030542,3.2676996298118746,7.709913405831869,6.041759956274578,11.336276107850306,13.982380074169239,7.748960584022422,7.989167059741311,9.550627527777769,0.8746513029429324,4.914799250145975,19.537315717493517,1.9976113835565041,16.564972446112396,8.401410316347802,2.5571555816646905,7.9990499413475655,6.422639627754877,4.660608111027304,5.844706259983022,2.9630879619295656,8.41443079355283,19.902103005351453,3.150360636831224,4.208974592195252,18.16312981532624,9.695088524313105,16.561903163956487,7.128323698283373,7.121034973318085,19.789258353206137,15.686094549658677,3.596411833704372,11.878543656058417,4.109865560315156,16.216320888356226,12.867767450711964,7.153940740486339,15.01435465396934,10.187424255838181,6.872961885565235,27.23649965001498,11.475654295529727,2.4983877429294954,5.812968664594694,15.221236719804377,14.477695968530865,6.139917927464331,7.82056673455006,4.835580525252688,8.528304292198182,7.730320637012387,3.7070316378504877,7.092482561553365,11.032013245697598,16.58565773590209
C019,7.322766297285091,22.224188872751398,4.620405365378427,20.666112376142838,26.21005124310445,23.16790835259989,17.3786032889047,8.37890310120151,15.152358408928645,14.074285832519069,7.875930661418613,16.51827008440193,3.3726681586487635,14.360570910118602,10.138828997567112,4.795657731633429,3.9250446348023433,6.374496939289265,0.0,16.64535608148563,13.799052088169427,7.297779268962023,11.034936932863857,11.994762772235795,13.790894424889256,6.558163439313934,11.100597458447636,5.622252232861889,13.750774911636627,8.000294710092838,26.525958140774136,7.742794426766765,2.0018734934803457,10.362692154855024,13.440315143232384,6.257987993100512,9.482561916490457,8.611467278009357,9.639481161987762,13.066661292994759,16.999847347763144,1.6811181817910692,11.617326910515104,9.910489706908646,6.47838579343803,4.156954434402319,21.326482617324437,5.595222227462328,15.618961180500468,11.483988666122226,3.9700477463452986,14.31767541688868,12.694392604262442,11.034758546106767,5.9468254223242845,7.934846375486293,10.284838378165151,20.296854604641453,8.948438442279876,4.817495960078426,17.29348258565621,9.773995219102567,19.371921423710408,0.864236762504023,2.2482928831900004,21.030747192218225,17.205455964635355,9.613383122262203,14.494507230215358,9.918118620808933,14.479711726179094,16.268186309312995,13.25089113241288,16.60249901685646,6.779055240672337,2.6483098560072094,27.18886690550983,12.28771606991238,8.618056280739584,12.185236344532056,18.204665406959517,17.379859083776292,12.440873922584274,12.913199934368487,7.507801646852411,14.85649887084945,4.691032183350878,7.85328337611944,13.34734842800738,14.236796707036556,13.775448583822678
C020,11.507135495208187,6.594596032169879,12.686123689876752,5.838622062441211,15.471395790062614,10.811765982881733,5.012825601820315,19.314583496283092,7.28550888111004,2.9159453311923147,10.95383094785763,1.4301291875830695,13.467865011124422,2.975992688840766,9.535498842223445,13.373329509235711,12.727742276058759,13.732476298494039,16.64535608148563,0.0,6.959627576501718,14.413469828090015,10.01858360333577,6.652283410963775,16.190482350148244,10.864134580875959,13.319577303134082,11.206439461653776,6.800493462948135,9.073933225010078,15.07287243648196,10.039249817371374,17.681312301235618,9.898344556389741,6.277467309704563,16.543143947849213,12.003613593732402,8.173493201473748,7.717461597458884,4.083896700863318,0.41788511881720447,18.28593554557681,5.750411341284098,7.556079125261318,12.881492888465782,18.037990267505407,6.277876152112787,12.467144431537422,9.629858434210972,5.404537697146848,15.221570440654292,15.191569669575818,15.024360860148782,13.31522636215169,10.720871441815774,10.784651853759897,6.381483326883914,8.71616759645852,11.166010337987089,17.63585139720054,10.204681079485015,7.912876485740261,2.8361736797197774,16.76298819714198,18.67026032728025,7.202876541838508,3.8954141687802815,15.136213190940055,2.1710727647951686,15.793492124139252,11.190433139639309,1.447802000242822,10.756431815970808,3.4932571666834593,13.222123859136039,18.798687148792855,15.552920947161319,5.735852553334754,14.572814953213282,13.148627074329058,1.561414048346274,0.7531608073665613,14.703306562177945,7.3989773683379125,9.471210696814031,15.292471796491553,13.065430257316326,17.16938421543774,11.750044926023998,2.7060368114478273,13.633532609063435
C021,6.776451187776322,9.403797400858453,11.455697993447211,7.60212905053995,12.817429987465669,9.376032474804978,4.102920229922157,19.35099136192045,1.424200485923932,7.064089983908744,6.150891290747227,8.061492021484508,10.456381157951522,7.606243225884669,11.574819962132485,12.531367078004834,10.235385756212793,13.80618814854604,13.799052088169427,6.959627576501718,0.0,14.907338675335195,12.61875566301338,9.71800776579081,19.105123055766203,7.247933639482292,15.659544299253502,9.836725396717165,0.1798261569691326,8.956313632208056,12.954230271067633,6.057239883218932,14.083418164496779,12.101740163179048,10.424817198191073,16.330079640899402,13.70058544507738,6.10562670631046,8.729809947467526,3.9316224778120534,7.34879802518537,15.168732714756286,8.063956569921686,4.287837032259362,12.969221241177411,16.642259156512644,8.267976496162026,11.92379846877288,3.214636072644118,7.082450621902932,14.133259770307285,18.51948511620752,17.74728428562173,15.626565559152814,8.47093687232533,11.48500671470134,5.734147780242409,6.500802832413799,12.56894275544112,16.616403965771923,4.5357590545001845,4.234489556330533,8.302786239822955,13.559300655576225,16.044326825105244,7.494675582922804,4.527857743777837,16.56408857259814,5.705536434365709,17.238559239606776,4.287917745871158,7.912518114029617,14.418845789372856,4.252776369175669,8.153802310560481,16.38137428894467,13.596354864801999,2.578846553835976,15.6477537994712,15.988461618902376,7.910083544476652,7.282367406360068,17.384375356194234,11.182405150492144,9.015230003674917,18.80505090691464,9.226850450693805,17.504086026503938,15.311492700248394,6.980722110879749,6.677785028711283
C022,10.80311642970292,20.91018655473495,4.252166335802196,19.778286218010933,27.638596535759223,23.683589472112004,17.201912314742184,4.902057325649609,16.31148417062105,11.497556876222339,11.014931056430088,13.676720708553297,7.331973870547789,11.500361349390035,5.108383080137293,3.180253234467696,6.516226739843727,1.257544816447574,7.297779268962023,14.413469828090015,14.907338675335195,0.0,5.285072659066647,7.978088148385532,6.526446945131684,9.104173042205687,3.9495147311098675,5.446270161348504,14.78059324972695,6.009803729339271,27.649830278655653,9.999582410650909,9.29865563635221,4.95140327966198,9.013971079451915,2.4100981445712155,3.0418372402223772,8.83783136087683,6.8354427291089,12.269743676540157,14.637535283597217,8.542937547506401,8.669696472158694,10.681917972484236,1.9651432472570203,5.133076896742414,20.35183911226171,3.238250314936218,17.72233737367432,9.18638101769762,3.3377373565293986,7.025093661968293,5.396648385630933,3.885130457401305,7.081153412797422,3.68297985280734,9.406128314860458,20.908326202992093,3.375194454727583,4.274496970750115,19.305299761388298,10.847099985975374,17.222678519924884,8.095215702619447,7.744559958422824,20.685467161161387,16.581261845843795,2.3987559322444008,12.653288963221918,2.868556322097211,17.4257186577764,13.4590323896429,6.821738704589658,15.907708792237287,11.439300159587198,7.414608894274924,28.258817781359433,12.524901545473776,1.333018717437797,5.071090261195045,15.864322782407694,15.148670388795388,5.146219935052282,8.045891358572923,5.89518128371337,7.56702165209054,8.974060698507111,2.766455619396783,6.591601242266127,11.707950980468757,17.834565035752178
C023,11.109262911054575,16.61049361693841,6.5119842121242915,15.75598823946668,24.62239859789735,20.26939618332078,13.781071038171696,9.92521005763484,13.86957610261342,7.228476355073951,11.020034292176417,9.015937914265859,9.410536792762208,7.050526983402143,1.2265595488660543,6.270652763613636,8.343519872509596,5.269356985869505,11.034936932863857,10.01858360333577,12.61875566301338,5.285072659066647,0.0,3.397105171093037,6.536219199315423,9.376880476612165,3.318971592358826,6.3046494409881255,12.455924831530295,4.690484382770057,24.44439397733376,9.713080201277194,12.863157068008839,0.7518422608649074,3.965290635879918,7.693306994619844,2.287223301817484,7.525200205221379,4.006717393118891,9.092660295897682,10.153406868780644,12.605122063570452,4.772144791882164,9.072707482939895,4.7503302042826725,10.179952712012968,16.253010933847847,5.440986584487041,15.779824044218737,5.658208195712737,7.701555058529179,5.9055100226398345,5.222830971819282,3.30919475995186,7.488498263251237,3.153579715163759,6.964351715887206,17.70156204984702,2.152294334246224,9.429664133604245,17.146990591981485,9.411069150474496,12.682688701078536,11.631128186452441,12.219231032810516,16.918082492443475,12.938098508713386,5.235875284492075,8.692423838547812,5.857667012783368,16.123460760505342,8.832244837735994,2.4135635381748854,12.2851859199459,12.397074684090507,12.043817084690843,25.000095824208756,10.040044575974997,4.916936100248202,3.391127605046859,11.307002331413047,10.695736243137809,4.870763835473848,2.880014266534898,5.045899736853107,6.218037081288837,10.440784610746881,7.756193196199342,2.968303291075202,7.438488390113811,17.329048604095107
